%YAML:1.0
---
cameraMatrix: !!opencv-matrix
   rows: 3
   cols: 3
   dt: d
   data: [ 9.8353991824408774e+02, 0., 4.5574261584208915e+02, 0.,
       9.7787701169735476e+02, 3.1771068415156992e+02, 0., 0., 1. ]
distortionCoefficients: !!opencv-matrix
   rows: 1
   cols: 5
   dt: d
   data: [ 2.1808459810975719e-01, -3.6720441430687554e-03,
       2.3609399480546085e-02, -9.2617001041669748e-03,
       2.5453740281103019e+00 ]
rotation: !!opencv-matrix
   rows: 3
   cols: 3
   dt: d
   data: [ 1., 0., 0., 0., 1., 0., 0., 0., 1. ]
projection: !!opencv-matrix
   rows: 4
   cols: 4
   dt: d
   data: [ 9.8353991824408774e+02, 0., 4.5574261584208915e+02, 0., 0.,
       9.7787701169735476e+02, 3.1771068415156992e+02, 0., 0., 0., 1.,
       0., 0., 0., 0., 1. ]
